2021-11-03 19:30:36.442437 | Processing started
rect sampled dist_0: [136.7248 164.0216 201.664 ]
[[185.50826496  86.56874432 -23.0856672 ]
 [ 86.56874432  43.94993344  -6.0335424 ]
 [-23.0856672   -6.0335424   14.995904  ]]
rect sampled dist_1: [43.48666667 56.58666667 18.06388889]
[[135.7076     143.19393333 101.88946296]
 [143.19393333 158.83026667 105.51974074]
 [101.88946296 105.51974074 109.6598071 ]]
2021-11-03 19:30:36.511498 | EM 1 : S = -1137653.2800177946
2021-11-03 19:30:36.554540 | EM 2 : S = -1096632.1628589162
2021-11-03 19:30:36.598579 | EM 3 : S = -1023301.9768490306
2021-11-03 19:30:36.640617 | EM 4 : S = -930613.5304916245
2021-11-03 19:30:36.686659 | EM 5 : S = -906001.6672446788
2021-11-03 19:30:36.732701 | EM 6 : S = -905068.7055884488
2021-11-03 19:30:36.776993 | EM 7 : S = -904957.9632454194
2021-11-03 19:30:36.823038 | EM 8 : S = -904953.9507176842
2021-11-03 19:30:36.867075 | EM 9 : S = -904954.1784976656
2021-11-03 19:30:36.910114 | EM 10 : S = -904954.2380568355
2021-11-03 19:30:36.954154 | EM 11 : S = -904954.2505082219
2021-11-03 19:30:36.998195 | EM 12 : S = -904954.2530408369
2021-11-03 19:30:37.041234 | EM 13 : S = -904954.2535533647
2021-11-03 19:30:37.085274 | EM 14 : S = -904954.253656981
2021-11-03 19:30:37.128313 | EM 15 : S = -904954.2536779245
2021-11-03 19:30:37.170352 | EM 16 : S = -904954.2536821577
2021-11-03 19:30:37.211388 | EM 17 : S = -904954.2536830133
2021-11-03 19:30:37.254427 | EM 18 : S = -904954.2536831863
2021-11-03 19:30:37.300470 | EM 19 : S = -904954.2536832211
2021-11-03 19:30:37.343509 | EM 20 : S = -904954.2536832283
2021-11-03 19:30:37.344511 | Writing EM iterational samplers to proc/em_iters.png
EM calculated dist_0: [156.71401898 175.02611774 198.09860836]
[[623.32673261 382.92130831  34.00078571]
 [382.92130831 245.24038769  46.06976998]
 [ 34.00078571  46.06976998  90.48066389]]
EM calculated dist_1: [54.17238441 67.04343192 23.30372301]
[[153.45064342 110.41803319 114.06926389]
 [110.41803319 111.96947774  73.39727431]
 [114.06926389  73.39727431 138.64271062]]
Written image 0, new 0: 0, new 1: 0
Written image start, new 0: 0, new 1: 0
2021-11-03 19:30:37.561706 | Iteration 1/10
2021-11-03 19:30:37.572717 | Iteration 2/10
2021-11-03 19:30:37.582725 | Iteration 3/10
2021-11-03 19:30:37.593737 | Iteration 4/10
2021-11-03 19:30:37.603745 | Iteration 5/10
2021-11-03 19:30:37.614754 | Iteration 6/10
2021-11-03 19:30:37.624763 | Iteration 7/10
2021-11-03 19:30:37.633773 | Iteration 8/10
2021-11-03 19:30:37.642782 | Iteration 9/10
2021-11-03 19:30:37.651790 | Iteration 10/10
2021-11-03 19:30:37.651790 | Processing completed!
2021-11-03 19:30:37.651790 | Writing images...
Written image final, new 0: 0, new 1: 0
Written image diff, new 0: 3, new 1: 5
2021-11-03 19:30:37.821944 | Writing image 1/10
Written image 1, new 0: 0, new 1: 2
2021-11-03 19:30:37.912024 | Writing image 2/10
Written image 2, new 0: 0, new 1: 0
2021-11-03 19:30:38.001107 | Writing image 3/10
Written image 3, new 0: 2, new 1: 1
2021-11-03 19:30:38.095193 | Writing image 4/10
Written image 4, new 0: 1, new 1: 1
2021-11-03 19:30:38.188276 | Writing image 5/10
Written image 5, new 0: 0, new 1: 0
2021-11-03 19:30:38.279360 | Writing image 6/10
Written image 6, new 0: 0, new 1: 0
2021-11-03 19:30:38.367441 | Writing image 7/10
Written image 7, new 0: 0, new 1: 1
2021-11-03 19:30:38.454519 | Writing image 8/10
Written image 8, new 0: 0, new 1: 0
2021-11-03 19:30:38.539595 | Writing image 9/10
Written image 9, new 0: 0, new 1: 0
2021-11-03 19:30:38.626683 | Writing image 10/10
Written image 10, new 0: 0, new 1: 0
2021-11-03 19:30:38.715763 | Completed!
